00000000000000000000000000000000000000000000000000000000000
00000000000000000000000000000000000000000000000000000000000
00000000000000000000000000000000000000000000000000000000000
00000000000000000000000000000000000000000000000000000000000
00000000000111000000000000000000000000000000000000000000000
00000000000001000000000000000000000000000000000000000000000
00000000110010000000000000000000000000000000000000000000000
00000000110000000000000000000000000000000000000000000000000
00000000000011000000000000000000000000000000000000000000000
00000000000110000000000000000000000000000000000000000000000
00000000001001000000000000000000000000000000000000000000000
00000000000000000000000000000000000000000000000000000000000
00000000100100000000000000000000000000000000000000000000000
00000001000100000000000000000000000000000000000000000000000
00000010111000000000000000000000000000000000000000000000000
00000100000000000000000000000000000000000000000000000000000
00000100000000000001010011000000000000000000000000000000000
00000010000000000000110101000000000000000000000000000000000
01100000000000001100100001000000000000000000000000000000000
10011001100000010001000000000000000000000000000000000000000
00000100100000010000001100000000000000000000000000000000000
00000000011000010100001100000000000000000000000000000000000
00100010001000001000000000000000000000000000000000000000000
00000011000010010000000000000000000000000000000000000000000
01010000010001100000000000000000000000000000000000000000000
11000000001000000000000000000000000000000000000000000000000
00000100001000000000000000000000000000000000000000000000000
00000001000100000000000000000000000000000000000000000000000
00001100000100000000000000000000000000000000000000000000000
00001000001000000000000000000000000000000000000000000000000
