0000000000000000000000000000000000000000
0000000000000000000000000000000000000000
0000000000000000000000000000000000000000
0000000000000000000000000000000000000000
0000000000000000000000000000000000000000
0000000000000000000000000000000000000000
0000000000000000000000000000000000000000
0000000000000000000000000000000000000000
0000000000000000000000000000000000000000
0000000000000000000000000000000000000000
0000000000000000000000000000000000000000
0000000000000001000000010000000000000000
0000000001101010110001101010110000000000
0000001110101110000000001110101110000000
0000001000101000001010000010100010000000
0000000000110000001010000001100000000000
0000000110000000001010000000001100000000
0000000110110000000000000001101100000000
0000000000010000000000000001000000000000
0000000000000000000000000000000000000000
